f32.add 2000 8000 4000 6000
f32.sub 1000 -4000 2000 2000
f32.mul 750 12000 3000 8000
f32.div 3000 333 3000 2000
f64.add 8000 13000
f64.sub 7000 5000
f64.mul 3750 36000
f64.div 15000 2250
i8.add 44 0 127 0 32
i8.sub 100 0 73 -2
u8.add 44 0 4 3
u8.sub 100 0 240 255
i16.add 256 257 0 1024
i16.sub 254 255 -2 976
u16.add 256 257 0 1024
u16.sub 254 255 65534 976
i32.add 65536 70001 0 100024
i32.sub 65534 69999 -2 99976
u32.add 65536 70001 0 100024
u32.sub 65534 69999 4294967294 99976
i64.add 4294967296 0
i64.sub 4294967294 -2
u64.add 4294967296 0
u64.sub 4294967294 18446744073709551614
i16.mul 512 9 -20 1000
u16.mul 512 9 60000 1000
u8.and 49 24 15 68
u8.or 243 126 143 230
u8.xor 194 102 128 162
u8.not 12 165 240 57
i32.and 252645135 0 252645135 0
i32.or -1 -1 2147483647 -1
i32.xor -252645136 -1 1894838512 -1
i32.not 0 -1 -2147483648 2147483647
u64.and 67555025218437360 1302686086808736272
u64.or 18442521884633399280 18373840925148118768
u64.xor 18374966859414961920 17071154838339382496
u64.not 1085102592571150095 17134975606245761295
cmp.i8.eq 255 0 0 255
cmp.i8.ne 0 255 255 0
cmp.i8.lt 0 255 255 0
cmp.i8.le 255 255 255 255
cmp.i8.gt 0 0 0 0
cmp.i8.ge 255 0 0 255
cmp.i16.eq 0 0 65535 0
cmp.i16.ne 65535 65535 0 65535
cmp.i16.lt 0 65535 0 65535
cmp.i16.le 0 65535 65535 65535
cmp.i16.gt 65535 0 0 0
cmp.i16.ge 65535 0 65535 0
cmp.u8.eq 255 0 0 255
cmp.u8.ne 0 255 255 0
cmp.u8.lt 0 255 0 0
cmp.u8.le 255 255 0 255
cmp.u8.gt 0 0 255 0
cmp.u8.ge 255 0 255 255
cmp.i32.eq 0 0 4294967295 0
cmp.i32.ne 4294967295 4294967295 0 4294967295
cmp.i32.lt 0 4294967295 0 4294967295
cmp.i32.le 0 4294967295 4294967295 4294967295
cmp.i32.gt 4294967295 0 0 0
cmp.i32.ge 4294967295 0 4294967295 0
cmp.u64.eq 0 0
cmp.u64.ne 18446744073709551615 18446744073709551615
cmp.u64.lt 0 0
cmp.u64.le 0 0
cmp.u64.gt 18446744073709551615 18446744073709551615
cmp.u64.ge 18446744073709551615 18446744073709551615
cmp.f32.eq 0 4294967295 0 4294967295
cmp.f32.ne 4294967295 0 4294967295 0
cmp.f32.lt 4294967295 0 0 0
cmp.f32.le 4294967295 4294967295 0 4294967295
cmp.f32.gt 0 0 4294967295 0
cmp.f32.ge 0 4294967295 4294967295 4294967295
cmp.f64.eq 0 18446744073709551615
cmp.f64.ne 18446744073709551615 0
cmp.f64.lt 18446744073709551615 0
cmp.f64.le 18446744073709551615 18446744073709551615
cmp.f64.gt 0 0
cmp.f64.ge 0 18446744073709551615
lane.i8 -128 -7 100 1 14
lane.i16 300 -300 3
lane.i32 0 70000 -70000
lane.i64 4294967296 1
lane.f32 1500 2000 -4500
lane.f64 1000 9250
abi.f32 11000 22000 33000 44000
abi.i32 65536 2 3 4
abi.pick 1 4 5 8
abi.sum4 1106 2208 3310 4412
spill.tree 65655 136 65655 136
spill.chain 100 200 65635 -2147483549
