i8: 41 14 14 14 14 50 41 14 14 14 50 50 41 14 14 50 50 50 41 14 50 50 50 50 41
i16: 41 14 14 14 14 50 41 14 14 14 50 50 41 14 14 50 50 50 41 14 50 50 50 50 41
i32: 41 14 14 14 14 50 41 14 14 14 50 50 41 14 14 50 50 50 41 14 50 50 50 50 41
i64: 41 14 14 14 14 50 41 14 14 14 50 50 41 14 14 50 50 50 41 14 50 50 50 50 41
u8: 41 14 14 14 14 50 41 14 14 14 50 50 41 14 14 50 50 50 41 14 50 50 50 50 41
u16: 41 14 14 14 14 50 41 14 14 14 50 50 41 14 14 50 50 50 41 14 50 50 50 50 41
u32: 41 14 14 14 14 50 41 14 14 14 50 50 41 14 14 50 50 50 41 14 50 50 50 50 41
u64: 41 14 14 14 14 50 41 14 14 14 50 50 41 14 14 50 50 50 41 14 50 50 50 50 41
c_i8n: 14 41 50
c_i8p: 14 41 50
c_i16: 14 41 50
c_i32: 14 41 50
c_i64: 14 41 50
c_u8: 14 41 50
c_u16: 14 41 50
c_u32: 14 41 50
c_u64: 14 41 50
